                                      Beam Analysis 1
 Basic Units are kN and m

E=2E+08 kN/m^2
I=4E-08 m^4
DOF=2

KE1 =

    0.7680    1.9200   -0.7680    1.9200
    1.9200    6.4000   -1.9200    3.2000
   -0.7680   -1.9200    0.7680   -1.9200
    1.9200    3.2000   -1.9200    6.4000


i =

     1


j =

     1

Condition1

K =

    0.7680         0         0         0         0         0
         0         0         0         0         0         0
         0         0         0         0         0         0
         0         0         0         0         0         0
         0         0         0         0         0         0
         0         0         0         0         0         0


i =

     1


j =

     2

Condition1

K =

    0.7680    1.9200         0         0         0         0
         0         0         0         0         0         0
         0         0         0         0         0         0
         0         0         0         0         0         0
         0         0         0         0         0         0
         0         0         0         0         0         0


i =

     1


j =

     3

Condition1

K =

    0.7680    1.9200   -0.7680         0         0         0
         0         0         0         0         0         0
         0         0         0         0         0         0
         0         0         0         0         0         0
         0         0         0         0         0         0
         0         0         0         0         0         0


i =

     1


j =

     4

Condition1

K =

    0.7680    1.9200   -0.7680    1.9200         0         0
         0         0         0         0         0         0
         0         0         0         0         0         0
         0         0         0         0         0         0
         0         0         0         0         0         0
         0         0         0         0         0         0


i =

     1


j =

     5


i =

     1


j =

     6


i =

     2


j =

     1

Condition1

K =

    0.7680    1.9200   -0.7680    1.9200         0         0
    1.9200         0         0         0         0         0
         0         0         0         0         0         0
         0         0         0         0         0         0
         0         0         0         0         0         0
         0         0         0         0         0         0


i =

     2


j =

     2

Condition1

K =

    0.7680    1.9200   -0.7680    1.9200         0         0
    1.9200    6.4000         0         0         0         0
         0         0         0         0         0         0
         0         0         0         0         0         0
         0         0         0         0         0         0
         0         0         0         0         0         0


i =

     2


j =

     3

Condition1

K =

    0.7680    1.9200   -0.7680    1.9200         0         0
    1.9200    6.4000   -1.9200         0         0         0
         0         0         0         0         0         0
         0         0         0         0         0         0
         0         0         0         0         0         0
         0         0         0         0         0         0


i =

     2


j =

     4

Condition1

K =

    0.7680    1.9200   -0.7680    1.9200         0         0
    1.9200    6.4000   -1.9200    3.2000         0         0
         0         0         0         0         0         0
         0         0         0         0         0         0
         0         0         0         0         0         0
         0         0         0         0         0         0


i =

     2


j =

     5


i =

     2


j =

     6


i =

     3


j =

     1

Condition1

K =

    0.7680    1.9200   -0.7680    1.9200         0         0
    1.9200    6.4000   -1.9200    3.2000         0         0
   -0.7680         0         0         0         0         0
         0         0         0         0         0         0
         0         0         0         0         0         0
         0         0         0         0         0         0


i =

     3


j =

     2

Condition1

K =

    0.7680    1.9200   -0.7680    1.9200         0         0
    1.9200    6.4000   -1.9200    3.2000         0         0
   -0.7680   -1.9200         0         0         0         0
         0         0         0         0         0         0
         0         0         0         0         0         0
         0         0         0         0         0         0


i =

     3


j =

     3

Condition1

K =

    0.7680    1.9200   -0.7680    1.9200         0         0
    1.9200    6.4000   -1.9200    3.2000         0         0
   -0.7680   -1.9200    0.7680         0         0         0
         0         0         0         0         0         0
         0         0         0         0         0         0
         0         0         0         0         0         0

Condition2

K =

    0.7680    1.9200   -0.7680    1.9200         0         0
    1.9200    6.4000   -1.9200    3.2000         0         0
   -0.7680   -1.9200    1.5360         0         0         0
         0         0         0         0         0         0
         0         0         0         0         0         0
         0         0         0         0         0         0


i =

     3


j =

     4

Condition1

K =

    0.7680    1.9200   -0.7680    1.9200         0         0
    1.9200    6.4000   -1.9200    3.2000         0         0
   -0.7680   -1.9200    1.5360   -1.9200         0         0
         0         0         0         0         0         0
         0         0         0         0         0         0
         0         0         0         0         0         0

Condition2

K =

    0.7680    1.9200   -0.7680    1.9200         0         0
    1.9200    6.4000   -1.9200    3.2000         0         0
   -0.7680   -1.9200    1.5360         0         0         0
         0         0         0         0         0         0
         0         0         0         0         0         0
         0         0         0         0         0         0


i =

     3


j =

     5

Condition2

K =

    0.7680    1.9200   -0.7680    1.9200         0         0
    1.9200    6.4000   -1.9200    3.2000         0         0
   -0.7680   -1.9200    1.5360         0   -0.7680         0
         0         0         0         0         0         0
         0         0         0         0         0         0
         0         0         0         0         0         0


i =

     3


j =

     6

Condition2

K =

    0.7680    1.9200   -0.7680    1.9200         0         0
    1.9200    6.4000   -1.9200    3.2000         0         0
   -0.7680   -1.9200    1.5360         0   -0.7680    1.9200
         0         0         0         0         0         0
         0         0         0         0         0         0
         0         0         0         0         0         0


i =

     4


j =

     1

Condition1

K =

    0.7680    1.9200   -0.7680    1.9200         0         0
    1.9200    6.4000   -1.9200    3.2000         0         0
   -0.7680   -1.9200    1.5360         0   -0.7680    1.9200
    1.9200         0         0         0         0         0
         0         0         0         0         0         0
         0         0         0         0         0         0


i =

     4


j =

     2

Condition1

K =

    0.7680    1.9200   -0.7680    1.9200         0         0
    1.9200    6.4000   -1.9200    3.2000         0         0
   -0.7680   -1.9200    1.5360         0   -0.7680    1.9200
    1.9200    3.2000         0         0         0         0
         0         0         0         0         0         0
         0         0         0         0         0         0


i =

     4


j =

     3

Condition1

K =

    0.7680    1.9200   -0.7680    1.9200         0         0
    1.9200    6.4000   -1.9200    3.2000         0         0
   -0.7680   -1.9200    1.5360         0   -0.7680    1.9200
    1.9200    3.2000   -1.9200         0         0         0
         0         0         0         0         0         0
         0         0         0         0         0         0

Condition2

K =

    0.7680    1.9200   -0.7680    1.9200         0         0
    1.9200    6.4000   -1.9200    3.2000         0         0
   -0.7680   -1.9200    1.5360         0   -0.7680    1.9200
    1.9200    3.2000         0         0         0         0
         0         0         0         0         0         0
         0         0         0         0         0         0


i =

     4


j =

     4

Condition1

K =

    0.7680    1.9200   -0.7680    1.9200         0         0
    1.9200    6.4000   -1.9200    3.2000         0         0
   -0.7680   -1.9200    1.5360         0   -0.7680    1.9200
    1.9200    3.2000         0    6.4000         0         0
         0         0         0         0         0         0
         0         0         0         0         0         0

Condition2

K =

    0.7680    1.9200   -0.7680    1.9200         0         0
    1.9200    6.4000   -1.9200    3.2000         0         0
   -0.7680   -1.9200    1.5360         0   -0.7680    1.9200
    1.9200    3.2000         0   12.8000         0         0
         0         0         0         0         0         0
         0         0         0         0         0         0


i =

     4


j =

     5

Condition2

K =

    0.7680    1.9200   -0.7680    1.9200         0         0
    1.9200    6.4000   -1.9200    3.2000         0         0
   -0.7680   -1.9200    1.5360         0   -0.7680    1.9200
    1.9200    3.2000         0   12.8000   -1.9200         0
         0         0         0         0         0         0
         0         0         0         0         0         0


i =

     4


j =

     6

Condition2

K =

    0.7680    1.9200   -0.7680    1.9200         0         0
    1.9200    6.4000   -1.9200    3.2000         0         0
   -0.7680   -1.9200    1.5360         0   -0.7680    1.9200
    1.9200    3.2000         0   12.8000   -1.9200    3.2000
         0         0         0         0         0         0
         0         0         0         0         0         0


i =

     5


j =

     1


i =

     5


j =

     2


i =

     5


j =

     3

Condition2

K =

    0.7680    1.9200   -0.7680    1.9200         0         0
    1.9200    6.4000   -1.9200    3.2000         0         0
   -0.7680   -1.9200    1.5360         0   -0.7680    1.9200
    1.9200    3.2000         0   12.8000   -1.9200    3.2000
         0         0   -0.7680         0         0         0
         0         0         0         0         0         0


i =

     5


j =

     4

Condition2

K =

    0.7680    1.9200   -0.7680    1.9200         0         0
    1.9200    6.4000   -1.9200    3.2000         0         0
   -0.7680   -1.9200    1.5360         0   -0.7680    1.9200
    1.9200    3.2000         0   12.8000   -1.9200    3.2000
         0         0   -0.7680   -1.9200         0         0
         0         0         0         0         0         0


i =

     5


j =

     5

Condition2

K =

    0.7680    1.9200   -0.7680    1.9200         0         0
    1.9200    6.4000   -1.9200    3.2000         0         0
   -0.7680   -1.9200    1.5360         0   -0.7680    1.9200
    1.9200    3.2000         0   12.8000   -1.9200    3.2000
         0         0   -0.7680   -1.9200    0.7680         0
         0         0         0         0         0         0


i =

     5


j =

     6

Condition2

K =

    0.7680    1.9200   -0.7680    1.9200         0         0
    1.9200    6.4000   -1.9200    3.2000         0         0
   -0.7680   -1.9200    1.5360         0   -0.7680    1.9200
    1.9200    3.2000         0   12.8000   -1.9200    3.2000
         0         0   -0.7680   -1.9200    0.7680   -1.9200
         0         0         0         0         0         0


i =

     6


j =

     1


i =

     6


j =

     2


i =

     6


j =

     3

Condition2

K =

    0.7680    1.9200   -0.7680    1.9200         0         0
    1.9200    6.4000   -1.9200    3.2000         0         0
   -0.7680   -1.9200    1.5360         0   -0.7680    1.9200
    1.9200    3.2000         0   12.8000   -1.9200    3.2000
         0         0   -0.7680   -1.9200    0.7680   -1.9200
         0         0    1.9200         0         0         0


i =

     6


j =

     4

Condition2

K =

    0.7680    1.9200   -0.7680    1.9200         0         0
    1.9200    6.4000   -1.9200    3.2000         0         0
   -0.7680   -1.9200    1.5360         0   -0.7680    1.9200
    1.9200    3.2000         0   12.8000   -1.9200    3.2000
         0         0   -0.7680   -1.9200    0.7680   -1.9200
         0         0    1.9200    3.2000         0         0


i =

     6


j =

     5

Condition2

K =

    0.7680    1.9200   -0.7680    1.9200         0         0
    1.9200    6.4000   -1.9200    3.2000         0         0
   -0.7680   -1.9200    1.5360         0   -0.7680    1.9200
    1.9200    3.2000         0   12.8000   -1.9200    3.2000
         0         0   -0.7680   -1.9200    0.7680   -1.9200
         0         0    1.9200    3.2000   -1.9200         0


i =

     6


j =

     6

Condition2

K =

    0.7680    1.9200   -0.7680    1.9200         0         0
    1.9200    6.4000   -1.9200    3.2000         0         0
   -0.7680   -1.9200    1.5360         0   -0.7680    1.9200
    1.9200    3.2000         0   12.8000   -1.9200    3.2000
         0         0   -0.7680   -1.9200    0.7680   -1.9200
         0         0    1.9200    3.2000   -1.9200    6.4000

>> 